0.1070
0.1370
0.1579
0.1854
0.2129
0.2571
0.2912
0.3381
0.3532
0.3709
0.3757
0.3766
0.3959
0.4052
0.4238
0.4553
0.4807
0.5313
0.6008
0.6677
0.7341
0.7696
0.7757
0.7662
0.7600
0.7701
0.7825
0.7910
0.7834
0.7727
0.7397
0.7248
0.7322
0.7155
0.7234
0.6986
0.6922
0.6613
0.6617
0.6341
0.6385
0.6100
0.6016
0.5572
0.5329
0.4933
0.4626
0.4275
0.3976
0.3676
0.3375
0.2975
0.2636
0.2215
0.1819
0.1335
0.1034
0.0968
0.0959
0.0836
0.0874
0.0955
0.0976
0.1031
0.0959
0.0811
0.0773
0.0890
0.0905
0.0908
0.0817
0.0596
0.0575
0.0489
0.0549
0.0560
0.0557
0.0598
0.0786
0.0845
0.0850
0.0714
0.0470
0.0576
0.0746
0.0773
0.0761
0.0610
0.0467
0.0454
0.0438
0.0374
0.0333
0.0439
0.0523
0.0660
0.0675
0.0661
0.0615
0.0572
0.0595
0.0589
0.0599
0.0536
0.0499
0.0466
0.0250
0.0421
0.0551
0.0569
0.0558
0.0437
0.0233
0.0344
0.0466
0.0497
0.0498
0.0421
0.0313
0.0316
0.0353
0.0395
0.0377
0.0355
0.0327
0.0607
0.0707
0.0862
0.1194
0.1495
0.2115
0.2719
0.3419
0.4063
0.4608
0.5288
0.5797
0.6422
0.6835
0.7029
0.7319
0.7496
0.7709
0.7799
0.7707
0.7682
0.7812
0.7946
0.7943
0.7948
0.8054
0.8022
0.7834
0.7276
0.6050
0.6323
0.6835
0.7503
0.7836
0.7578
0.7362
0.7233
0.7246
0.7274
0.7335
0.7520
0.7689
0.7758
0.7810
0.7749
0.7612
0.7539
0.7414
0.7396
0.7406
0.7294
0.7143
0.7131
0.7110
0.7224
0.7321
0.7443
0.7512
0.7463
0.7399
0.7291
0.7231
0.7141
0.6933
0.6416
0.6227
0.6876
0.8086
0.9142
0.9841
1.0000
1.0000
1.0000
1.0000
1.0000
1.0000
1.0000
1.0000
1.0000
0.9593
0.8537
0.7078
0.5920
0.6550
0.7275
0.7366
0.6890
0.6499
0.6371
0.6271
0.6381
0.6221
0.5852
0.5320
0.4523
0.3452
0.2358
0.1686
0.1147
0.1003
0.1345
0.2302
0.4402
0.5472
0.6312
0.6682
0.6550
0.6291
0.6375
0.6372
0.6613
0.6708
0.6743
0.6769
0.6738
0.6750
0.6772
0.6693
0.6390
0.5933
0.5250
0.4460
0.3488
0.2744
0.1918
0.1145
0.0731
0.0704
0.0810
0.2633
0.3205
0.3913
0.4189
0.4378
0.4439
0.4562
0.4798
0.4997
0.5309
0.5543
0.5683
0.5633
0.5729
0.5887
0.5908
0.6203
0.6326
0.6190
0.6291
0.6166
0.6051
0.6109
0.6110
0.6135
0.6007
0.5667
0.5177
0.5042
0.5346
0.5775
0.5926
0.5576
0.5244
0.4726
0.3848
0.2984
0.2272
0.2140
0.2181
0.2171
0.2125
0.2005
0.2003
0.1989
0.2031
0.2357
0.2531
0.2575
0.3295
0.3899
0.4597
0.4836
0.4876
0.4625
0.4460
0.4272
0.3937
0.3727
0.3470
0.3116
0.2603
0.2286
0.2113
0.1908
0.1740
0.1564
0.1566
0.1602
0.1527
0.1402
0.1273
0.1171
0.1017
0.0931
0.0851
0.0859
0.0801
0.0807
0.0775
0.0645
0.0613
0.0534
0.0480
0.0450
0.0375
0.0345
0.0485
0.0589
0.0606
0.0576
0.0440
0.0199
0.0069
0.0014
0.0095
0.0099
0.0099
0.0092
0.0014
0.0039
0.0072
0.0082
0.0082
0.0074
0.0046
0.0000
0.0000
0.0000
0.0000
0.0000
0.0000
0.0000
0.0000
0.0000
0.0000
0.0000
0.0000
0.0042
0.0057
0.0057
0.0057
0.0000
0.0000
0.0082
0.0100
0.0100
0.0097
0.0049
0.0000
0.0000
0.0000
0.0000
0.0000
0.0000
0.0000
0.0000
0.0064
0.0081
0.0091
0.0098
0.0097
0.0097
0.0098
0.0098
0.0097
0.0116
0.0132