0.0000
0.0000
0.0026
0.0026
0.0026
0.0024
0.0051
0.0085
0.0135
0.0280
0.0516
0.0683
0.0907
0.1162
0.1432
0.1701
0.2032
0.2458
0.2793
0.3075
0.3459
0.4845
0.6334
0.7464
0.8032
0.8323
0.8767
0.8929
0.8866
0.8474
0.8791
0.8644
0.8406
0.8042
0.8479
0.8401
0.8108
0.7722
0.8153
0.7986
0.7647
0.7361
0.7615
0.7319
0.6761
0.6748
0.6757
0.6281
0.6053
0.6296
0.6006
0.5615
0.5705
0.5480
0.5140
0.5207
0.4979
0.4581
0.4352
0.3960
0.3467
0.3208
0.2722
0.2481
0.2189
0.1803
0.1241
0.0937
0.0678
0.0618
0.0604
0.0562
0.0489
0.0564
0.0545
0.0548
0.0479
0.0348
0.0457
0.0500
0.0498
0.0537
0.0489
0.0460
0.0574
0.0578
0.0584
0.0517
0.0445
0.0328
0.0304
0.0293
0.0290
0.0395
0.0471
0.0475
0.0513
0.0535
0.0501
0.0492
0.0515
0.0492
0.0505
0.0516
0.0508
0.0518
0.0519
0.0465
0.0487
0.0498
0.0450
0.0397
0.0329
0.0333
0.0468
0.0508
0.0518
0.0474
0.0358
0.0294
0.0310
0.0344
0.0391
0.0369
0.0422
0.0451
0.0520
0.0564
0.0541
0.0503
0.0481
0.0430
0.0488
0.0666
0.0731
0.0795
0.0852
0.1143
0.1511
0.1837
0.2280
0.2749
0.3174
0.3502
0.3820
0.4465
0.4891
0.5229
0.5329
0.5386
0.5517
0.5863
0.6136
0.6117
0.6071
0.6032
0.5992
0.5889
0.5360
0.4865
0.5238
0.7288
0.8767
0.9983
1.0000
1.0000
1.0000
1.0000
0.9975
0.9893
0.9839
0.9695
0.9604
0.9471
0.9360
0.8890
0.8930
0.8577
0.8558
0.8762
0.9018
0.9321
0.9366
0.9893
0.9541
0.9718
0.9843
0.9863
0.9866
0.9726
0.9594
0.9276
0.8485
0.7277
0.5704
0.5065
0.4916
0.5224
0.5756
0.5970
0.6062
0.6198
0.6389
0.6612
0.6530
0.6151
0.5514
0.5671
0.7854
0.9360
1.0000
1.0000
1.0000
0.9649
0.9235
0.8789
0.8116
0.8109
0.7808
0.7811
0.7525
0.7206
0.6573
0.5349
0.3411
0.2578
0.1755
0.1543
0.1473
0.1194
0.1868
0.2765
0.5527
0.7634
0.8925
0.9276
0.9361
0.9103
0.8962
0.8663
0.8250
0.8827
0.8996
0.8896
0.8558
0.8884
0.8847
0.8545
0.7844
0.7613
0.6940
0.5727
0.4797
0.3964
0.3114
0.2484
0.2186
0.2551
0.3101
0.3770
0.4484
0.5345
0.6236
0.6965
0.7438
0.8011
0.8516
0.8923
0.9024
0.9098
0.9551
0.9786
0.9729
0.9482
0.9795
0.9674
0.9055
0.8088
0.7423
0.6338
0.5712
0.7340
0.8732
0.9566
0.9288
0.9462
0.8707
0.7708
0.6270
0.5511
0.3865
0.2789
0.2059
0.1931
0.1955
0.1972
0.1992
0.1940
0.1763
0.1621
0.4019
0.4422
0.5374
0.5514
0.5896
0.5505
0.5418
0.4285
0.3875
0.3622
0.3308
0.2916
0.2696
0.2081
0.2038
0.1454
0.1412
0.1048
0.0992
0.0952
0.0763
0.0692
0.0670
0.0632
0.0595
0.0524
0.0487
0.0510
0.0447
0.0396
0.0586
0.0677
0.0703
0.0688
0.0560
0.0434
0.0395
0.0475
0.0538
0.0575
0.0560
0.0518